EXPERIEMNT 1 (3_1)
7.137642599998799 (seconds)
[82, 98, 25, 57, 45, 19, 80, 36, 35, 33, 58, 48, 46, 47, 62, 59, 20, 42, 72, 16, 15, 26]
44157
[74, 14, 38, 88, 85, 78, 79, 9, 61, 13, 86, 75, 39, 12, 77, 76, 11, 44, 28, 10, 53, 66, 8, 96, 95, 70, 73, 23, 92, 27, 67, 65]
44567
[51, 29, 69, 21, 63, 24, 84, 49, 83, 100, 37, 7, 81, 3, 99, 5, 6, 50, 87, 31, 22, 68, 71, 41, 17]
43617
[52, 30, 1, 18, 93, 64, 97, 32, 89, 54, 4, 55, 90, 60, 40, 91, 2, 56, 94, 43, 34]
44574
EXPERIEMNT 2 (3_2)
300.000898600003 (seconds)
[82, 98, 25, 57, 45, 19, 80, 36, 35, 33, 83, 58, 48, 46, 47, 24, 63, 62, 59, 20, 29, 51]
43561
[23, 94, 56, 2, 91, 40, 60, 90, 55, 4, 54, 89, 32, 97, 64, 93, 92, 27, 65]
43591
[15, 17, 41, 71, 67, 52, 30, 1, 18, 50, 6, 5, 99, 3, 81, 7, 37, 100, 49, 84, 87, 31, 22, 68, 21, 69, 42, 72, 16]
43593
[26, 74, 14, 38, 88, 85, 78, 79, 9, 61, 13, 86, 75, 39, 12, 77, 76, 11, 44, 28, 10, 53, 66, 8, 96, 95, 70, 73, 43, 34]
43328
EXPERIEMNT 3 (3_3)
299.99968210000225 (seconds)
[16, 72, 68, 84, 49, 83, 100, 37, 6, 5, 99, 32, 89, 91, 40, 2, 56, 97, 18, 1, 30, 67, 17, 65]
44845
[15, 22, 31, 87, 50, 7, 81, 3, 54, 4, 55, 90, 60, 8, 95, 73, 43, 34]
44758
[82, 98, 51, 59, 62, 25, 57, 45, 19, 80, 36, 35, 33, 58, 48, 46, 47, 24, 63, 21, 69, 20, 29, 42]
44834
[26, 74, 14, 38, 88, 85, 78, 79, 9, 61, 13, 86, 75, 39, 12, 77, 76, 11, 44, 28, 10, 53, 66, 96, 70, 94, 64, 93, 92, 23, 27, 52, 71, 41]
44841
EXPERIEMNT 4 (3_4)
300.00038779999886 (seconds)
[42, 29, 20, 63, 24, 58, 33, 35, 36, 80, 19, 45, 57, 25, 48, 46, 47, 62, 59, 51, 98, 82]
43977
[16, 72, 69, 21, 68, 22, 31, 87, 84, 49, 83, 100, 37, 50, 6, 5, 99, 32, 97, 64, 93, 18, 1, 92, 30, 52, 71, 41, 17, 65, 15]
43373
[34, 43, 73, 70, 2, 91, 40, 66, 53, 10, 28, 44, 11, 76, 77, 12, 39, 75, 86, 13, 61, 9, 79, 78, 85, 88, 38]
44113
[67, 27, 23, 94, 56, 89, 3, 81, 7, 54, 4, 55, 90, 60, 96, 8, 95, 14, 74, 26]
44113
EXPERIEMNT 5 (3_5)
300.0006874000028 (seconds)
[16, 72, 68, 84, 49, 83, 100, 37, 6, 5, 99, 32, 89, 91, 40, 2, 56, 97, 18, 1, 30, 67, 17, 65]
44845
[15, 22, 31, 87, 50, 7, 81, 3, 54, 4, 55, 90, 60, 8, 95, 73, 43, 34]
44758
[82, 98, 51, 59, 62, 25, 57, 45, 19, 80, 36, 35, 33, 58, 48, 46, 47, 24, 63, 21, 69, 20, 29, 42]
44834
[26, 74, 14, 38, 88, 85, 78, 79, 9, 61, 13, 86, 75, 39, 12, 77, 76, 11, 44, 28, 10, 53, 66, 96, 70, 94, 64, 93, 92, 23, 27, 52, 71, 41]
44841
EXPERIEMNT 6 (4_1)
7.130002900004911 (seconds)
[82, 98, 25, 57, 45, 19, 80, 36, 35, 33, 58, 48, 46, 47, 62, 59, 20, 42, 72, 16, 15, 26]
44157
[74, 14, 38, 88, 85, 78, 79, 9, 61, 13, 86, 75, 39, 12, 77, 76, 11, 44, 28, 10, 53, 66, 8, 96, 95, 70, 73, 23, 92, 27, 67, 65]
44567
[51, 29, 69, 21, 63, 24, 84, 49, 83, 100, 37, 7, 81, 3, 99, 5, 6, 50, 87, 31, 22, 68, 71, 41, 17]
43617
[52, 30, 1, 18, 93, 64, 97, 32, 89, 54, 4, 55, 90, 60, 40, 91, 2, 56, 94, 43, 34]
44574
EXPERIEMNT 7 (4_2)
300.00072250000085 (seconds)
[82, 98, 25, 57, 45, 19, 80, 36, 35, 33, 83, 58, 48, 46, 47, 24, 63, 62, 59, 20, 29, 51]
43561
[23, 94, 56, 2, 91, 40, 60, 90, 55, 4, 54, 89, 32, 97, 64, 93, 92, 27, 65]
43591
[15, 17, 41, 71, 67, 52, 30, 1, 18, 50, 6, 5, 99, 3, 81, 7, 37, 100, 49, 84, 87, 31, 22, 68, 21, 69, 42, 72, 16]
43593
[26, 74, 14, 38, 88, 85, 78, 79, 9, 61, 13, 86, 75, 39, 12, 77, 76, 11, 44, 28, 10, 53, 66, 8, 96, 95, 70, 73, 43, 34]       
43328
EXPERIEMNT 8 (4_3)
299.99975480000285 (seconds)
[16, 72, 68, 84, 49, 83, 100, 37, 6, 5, 99, 32, 89, 91, 40, 2, 56, 97, 18, 1, 30, 67, 17, 65]
44845
[15, 22, 31, 87, 50, 7, 81, 3, 54, 4, 55, 90, 60, 8, 95, 73, 43, 34]
44758
[82, 98, 51, 59, 62, 25, 57, 45, 19, 80, 36, 35, 33, 58, 48, 46, 47, 24, 63, 21, 69, 20, 29, 42]
44834
[26, 74, 14, 38, 88, 85, 78, 79, 9, 61, 13, 86, 75, 39, 12, 77, 76, 11, 44, 28, 10, 53, 66, 96, 70, 94, 64, 93, 92, 23, 27, 52, 71, 41]
44841
EXPERIEMNT 9 (4_4)
300.0003657999987 (seconds)
[42, 29, 20, 63, 24, 58, 33, 35, 36, 80, 19, 45, 57, 25, 48, 46, 47, 62, 59, 51, 98, 82]
43977
[16, 72, 69, 21, 68, 22, 31, 87, 84, 49, 83, 100, 37, 50, 6, 5, 99, 32, 97, 64, 93, 18, 1, 92, 30, 52, 71, 41, 17, 65, 15]   
43373
[34, 43, 73, 70, 2, 91, 40, 66, 53, 10, 28, 44, 11, 76, 77, 12, 39, 75, 86, 13, 61, 9, 79, 78, 85, 88, 38]
44113
[67, 27, 23, 94, 56, 89, 3, 81, 7, 54, 4, 55, 90, 60, 96, 8, 95, 14, 74, 26]
44113
EXPERIEMNT 10 (4_5)
300.00066720000177 (seconds)
[16, 72, 68, 84, 49, 83, 100, 37, 6, 5, 99, 32, 89, 91, 40, 2, 56, 97, 18, 1, 30, 67, 17, 65]
44845
[15, 22, 31, 87, 50, 7, 81, 3, 54, 4, 55, 90, 60, 8, 95, 73, 43, 34]
44758
[82, 98, 51, 59, 62, 25, 57, 45, 19, 80, 36, 35, 33, 58, 48, 46, 47, 24, 63, 21, 69, 20, 29, 42]
44834
[26, 74, 14, 38, 88, 85, 78, 79, 9, 61, 13, 86, 75, 39, 12, 77, 76, 11, 44, 28, 10, 53, 66, 96, 70, 94, 64, 93, 92, 23, 27, 52, 71, 41]
44841
EXPERIEMNT 11 (5_1)
WARNING: All log messages before absl::InitializeLog() is called are written to STDERR
E0000 00:00:1748201275.304164   14396 routing.cc:6496] Invalid RoutingSearchParameters for this model: Undefined first solution strategy: EVALUATOR_STRATEGY (int value: 5)
E0000 00:00:1748201275.304368   14396 routing.cc:6496] Invalid RoutingSearchParameters for this model: Undefined first solution strategy: EVALUATOR_STRATEGY (int value: 5)
0.001014900000882335 (seconds)
ERROR: no solution found!
EXPERIEMNT 12 (5_2)
E0000 00:00:1748201275.309153   14396 routing.cc:6496] Invalid RoutingSearchParameters for this model: Undefined first solution strategy: EVALUATOR_STRATEGY (int value: 5)
E0000 00:00:1748201275.309239   14396 routing.cc:6496] Invalid RoutingSearchParameters for this model: Undefined first solution strategy: EVALUATOR_STRATEGY (int value: 5)
0.0007430000041495077 (seconds)
ERROR: no solution found!
EXPERIEMNT 13 (5_3)
E0000 00:00:1748201275.314027   14396 routing.cc:6496] Invalid RoutingSearchParameters for this model: Undefined first solution strategy: EVALUATOR_STRATEGY (int value: 5)
E0000 00:00:1748201275.314121   14396 routing.cc:6496] Invalid RoutingSearchParameters for this model: Undefined first solution strategy: EVALUATOR_STRATEGY (int value: 5)
0.0009384000004502013 (seconds)
ERROR: no solution found!
EXPERIEMNT 14 (5_4)
E0000 00:00:1748201275.319146   14396 routing.cc:6496] Invalid RoutingSearchParameters for this model: Undefined first solution strategy: EVALUATOR_STRATEGY (int value: 5)
E0000 00:00:1748201275.319234   14396 routing.cc:6496] Invalid RoutingSearchParameters for this model: Undefined first solution strategy: EVALUATOR_STRATEGY (int value: 5)
0.0007153000042308122 (seconds)
ERROR: no solution found!
EXPERIEMNT 15 (5_5)
E0000 00:00:1748201275.324415   14396 routing.cc:6496] Invalid RoutingSearchParameters for this model: Undefined first solution strategy: EVALUATOR_STRATEGY (int value: 5)
E0000 00:00:1748201275.324499   14396 routing.cc:6496] Invalid RoutingSearchParameters for this model: Undefined first solution strategy: EVALUATOR_STRATEGY (int value: 5)
0.0007779000006848946 (seconds)
ERROR: no solution found!
EXPERIEMNT 16 (10_1)
8.98572100000456 (seconds)
[16, 51, 59, 62, 63, 24, 58, 83, 100, 37, 33, 35, 36, 80, 19, 45, 57, 98]
45884
[72, 42, 29, 20, 69, 21, 68, 22, 43, 27, 30, 1, 18, 97, 50, 49, 84, 87, 31, 47, 46, 48, 25, 82]
46046
[15, 65, 17, 41, 71, 67, 52, 23, 92, 93, 64, 94, 56, 32, 6, 5, 99, 7, 81, 3, 54, 4, 55, 90, 60, 8, 95, 79, 14, 74, 26]       
46024
[34, 73, 70, 96, 2, 89, 91, 40, 66, 53, 10, 28, 44, 11, 76, 77, 12, 39, 75, 86, 13, 61, 9, 78, 85, 88, 38]
46031
EXPERIEMNT 17 (10_2)
300.00085620000027 (seconds)
[16, 72, 69, 21, 68, 22, 31, 87, 84, 49, 100, 37, 7, 81, 3, 99, 5, 6, 50, 97, 18, 1, 30, 52, 71, 41, 15]
43638
[74, 14, 85, 79, 95, 8, 96, 60, 90, 55, 4, 54, 89, 32, 56, 94, 64, 93, 92, 23, 27, 34]
43209
[65, 17, 67, 43, 73, 70, 2, 91, 40, 66, 53, 10, 28, 44, 11, 76, 77, 12, 39, 75, 86, 13, 61, 9, 78, 88, 38, 26]
43306
[51, 42, 29, 20, 59, 62, 63, 24, 47, 46, 48, 58, 83, 33, 35, 36, 80, 19, 45, 57, 25, 98, 82]
43878
EXPERIEMNT 18 (10_3)
300.00040699999954 (seconds)
[16, 51, 59, 62, 63, 24, 58, 83, 100, 37, 33, 35, 36, 80, 19, 45, 57, 98]
45884
[15, 17, 41, 71, 72, 42, 29, 20, 69, 21, 68, 22, 30, 1, 18, 97, 50, 49, 84, 87, 31, 47, 46, 48, 25, 82]
44907
[65, 67, 52, 27, 23, 92, 93, 64, 94, 56, 32, 6, 5, 99, 7, 81, 3, 54, 4, 55, 90, 60, 96, 8, 95, 79, 14, 74, 26]
45882
[34, 43, 73, 70, 2, 89, 91, 40, 66, 53, 10, 28, 44, 11, 76, 77, 12, 39, 75, 86, 13, 61, 9, 78, 85, 88, 38]
45005
EXPERIEMNT 19 (10_4)
299.9992861999999 (seconds)
[16, 72, 42, 20, 59, 62, 63, 24, 47, 46, 48, 58, 33, 35, 36, 80, 19, 45, 57, 25, 98, 82]
42530
[43, 73, 2, 91, 60, 90, 55, 4, 54, 3, 81, 7, 99, 97, 18, 1, 30, 52, 65]
44080
[34, 70, 95, 8, 96, 40, 66, 53, 10, 28, 44, 11, 76, 77, 12, 39, 75, 86, 13, 61, 9, 79, 78, 85, 88, 38, 14, 74, 26]
44048
[51, 29, 69, 21, 68, 22, 31, 87, 84, 49, 83, 100, 37, 50, 6, 5, 89, 32, 56, 94, 64, 93, 92, 23, 27, 67, 71, 41, 17, 15]      
44029
EXPERIEMNT 20 (10_5)
300.00023249999504 (seconds)
[16, 51, 59, 62, 63, 24, 58, 83, 100, 37, 33, 35, 36, 80, 19, 45, 57, 98]
45884
[72, 42, 29, 20, 69, 21, 68, 22, 43, 27, 30, 1, 18, 97, 50, 49, 84, 87, 31, 47, 46, 48, 25, 82]
46046
[15, 65, 17, 41, 71, 67, 52, 23, 92, 93, 64, 94, 56, 32, 6, 5, 99, 7, 81, 3, 54, 4, 55, 90, 60, 8, 95, 79, 14, 74, 26]       
46024
[34, 73, 70, 96, 2, 89, 91, 40, 66, 53, 10, 28, 44, 11, 76, 77, 12, 39, 75, 86, 13, 61, 9, 78, 85, 88, 38]
46031
EXPERIEMNT 21 (11_1)
E0000 00:00:1748202484.348499   14396 routing.cc:6496] Invalid RoutingSearchParameters for this model: Undefined sweep arranger for ROUTING_SWEEP strategy.
E0000 00:00:1748202484.348616   14396 routing.cc:6496] Invalid RoutingSearchParameters for this model: Undefined sweep arranger for ROUTING_SWEEP strategy.
0.0008425999985774979 (seconds)
ERROR: no solution found!
EXPERIEMNT 22 (11_2)
E0000 00:00:1748202484.354090   14396 routing.cc:6496] Invalid RoutingSearchParameters for this model: Undefined sweep arranger for ROUTING_SWEEP strategy.
E0000 00:00:1748202484.354178   14396 routing.cc:6496] Invalid RoutingSearchParameters for this model: Undefined sweep arranger for ROUTING_SWEEP strategy.
0.0008046000002650544 (seconds)
ERROR: no solution found!
EXPERIEMNT 23 (11_3)
E0000 00:00:1748202484.359524   14396 routing.cc:6496] Invalid RoutingSearchParameters for this model: Undefined sweep arranger for ROUTING_SWEEP strategy.
E0000 00:00:1748202484.359624   14396 routing.cc:6496] Invalid RoutingSearchParameters for this model: Undefined sweep arranger for ROUTING_SWEEP strategy.
0.0008791000000201166 (seconds)
ERROR: no solution found!
EXPERIEMNT 24 (11_4)
E0000 00:00:1748202484.364848   14396 routing.cc:6496] Invalid RoutingSearchParameters for this model: Undefined sweep arranger for ROUTING_SWEEP strategy.
E0000 00:00:1748202484.364931   14396 routing.cc:6496] Invalid RoutingSearchParameters for this model: Undefined sweep arranger for ROUTING_SWEEP strategy.
0.0008623999965493567 (seconds)
ERROR: no solution found!
EXPERIEMNT 25 (11_5)
E0000 00:00:1748202484.369169   14396 routing.cc:6496] Invalid RoutingSearchParameters for this model: Undefined sweep arranger for ROUTING_SWEEP strategy.
E0000 00:00:1748202484.369253   14396 routing.cc:6496] Invalid RoutingSearchParameters for this model: Undefined sweep arranger for ROUTING_SWEEP strategy.
0.0006782999989809468 (seconds)
ERROR: no solution found!
EXPERIEMNT 26 (13_1)
8.160905299999285 (seconds)
[26, 74, 14, 38, 88, 85, 78, 79, 9, 61, 10, 13, 86, 75, 39, 12, 77, 76, 11, 44, 28, 60, 90, 91, 96, 95, 34]
45690
[82, 98, 51, 59, 62, 47, 46, 48, 58, 49, 84, 1, 18, 97, 56, 2, 40, 66, 53, 8, 70, 73, 23, 92, 27, 30, 22, 72, 16]
45837
[42, 68, 31, 87, 50, 6, 5, 99, 3, 81, 7, 55, 4, 54, 89, 32, 64, 93, 94, 43, 52, 67, 71, 41, 17, 65, 15]
45704
[25, 57, 45, 19, 80, 36, 35, 33, 37, 100, 83, 24, 63, 21, 69, 20, 29]
45907
EXPERIEMNT 27 (13_2)
300.0006768000021 (seconds)
[38, 85, 79, 95, 8, 96, 60, 90, 55, 4, 54, 3, 81, 7, 99, 18, 1, 30, 52, 67, 71, 41, 17, 65, 15]
44368
[16, 72, 69, 21, 68, 22, 31, 87, 84, 49, 83, 100, 37, 50, 5, 6, 32, 56, 97, 93, 64, 94, 92, 23, 27, 43, 34, 14, 74, 26]      
43771
[51, 42, 29, 20, 59, 62, 63, 24, 47, 46, 48, 58, 33, 35, 36, 80, 19, 45, 57, 25, 98, 82]
42681
[73, 70, 2, 89, 91, 40, 66, 53, 10, 28, 44, 11, 76, 77, 12, 39, 75, 86, 13, 61, 9, 78, 88]
44430
EXPERIEMNT 28 (13_3)
300.00017500000104 (seconds)
[26, 74, 14, 38, 88, 85, 78, 79, 9, 61, 10, 13, 86, 75, 39, 12, 77, 76, 11, 44, 28, 60, 90, 91, 96, 95, 34]
45690
[82, 98, 51, 59, 62, 47, 46, 48, 58, 49, 84, 1, 18, 56, 2, 40, 66, 53, 8, 70, 73, 43, 23, 30, 22, 68, 15]
45682
[16, 72, 21, 31, 87, 50, 6, 5, 99, 3, 81, 7, 55, 4, 54, 89, 32, 97, 93, 64, 94, 92, 27, 52, 67, 71, 41, 17, 65]
45607
[42, 29, 20, 69, 63, 24, 83, 100, 37, 33, 35, 36, 80, 19, 45, 57, 25]
45635
EXPERIEMNT 29 (13_4)
300.00011670000094 (seconds)
[74, 14, 34, 23, 94, 56, 2, 91, 40, 60, 90, 55, 4, 54, 89, 32, 97, 64, 93, 92, 27, 52, 65]
44224
[68, 22, 30, 1, 18, 50, 6, 5, 99, 3, 81, 7, 37, 100, 58, 24, 63, 62, 59, 20, 29, 42, 51]
44261
[16, 72, 69, 21, 31, 87, 84, 49, 83, 33, 35, 36, 80, 19, 45, 57, 25, 48, 46, 47, 98, 82]
43987
[26, 38, 88, 85, 78, 79, 9, 61, 13, 86, 75, 39, 12, 77, 76, 11, 44, 28, 10, 53, 66, 8, 96, 95, 70, 73, 43, 67, 71, 41, 17, 15]
43726
EXPERIEMNT 30 (13_5)
300.00045439999667 (seconds)
[26, 74, 14, 38, 88, 85, 78, 79, 9, 61, 10, 13, 86, 75, 39, 12, 77, 76, 11, 44, 28, 60, 90, 91, 96, 95, 34]
45690
[82, 98, 51, 59, 62, 47, 46, 48, 58, 49, 84, 1, 18, 97, 56, 2, 40, 66, 53, 8, 70, 73, 23, 92, 27, 30, 22, 72, 16]
45837
[42, 68, 31, 87, 50, 6, 5, 99, 3, 81, 7, 55, 4, 54, 89, 32, 64, 93, 94, 43, 52, 67, 71, 41, 17, 65, 15]
45704
[25, 57, 45, 19, 80, 36, 35, 33, 37, 100, 83, 24, 63, 21, 69, 20, 29]
45907
EXPERIEMNT 31 (6_1)
0.001429100004315842 (seconds)
ERROR: no solution found!
EXPERIEMNT 32 (6_2)
0.0013443999996525235 (seconds)
ERROR: no solution found!
EXPERIEMNT 33 (6_3)
0.0013376999995671213 (seconds)
ERROR: no solution found!
EXPERIEMNT 34 (6_4)
0.0014157000041450374 (seconds)
ERROR: no solution found!
EXPERIEMNT 35 (6_5)
0.0013067999971099198 (seconds)
ERROR: no solution found!
EXPERIEMNT 36 (7_1)
0.0014619999928981997 (seconds)
ERROR: no solution found!
EXPERIEMNT 37 (7_2)
0.001276399998459965 (seconds)
ERROR: no solution found!
EXPERIEMNT 38 (7_3)
0.0014521000048262067 (seconds)
ERROR: no solution found!
EXPERIEMNT 39 (7_4)
0.0014573000007658266 (seconds)
ERROR: no solution found!
EXPERIEMNT 40 (7_5)
0.001483299995015841 (seconds)
ERROR: no solution found!
EXPERIEMNT 41 (8_1)
2.4930695000002743 (seconds)
[16, 42, 29, 20, 98, 82, 25, 48, 46, 47, 24, 69, 21, 30, 1, 18, 97, 64, 93, 92, 23, 27, 52, 67, 71, 41, 17, 65]
42342
[51, 59, 62, 63, 58, 19, 45, 57, 80, 36, 35, 33, 37, 100, 83, 49, 84, 87, 31, 22, 68, 72, 15]
46526
[26, 85, 79, 95, 96, 8, 53, 66, 40, 90, 60, 28, 44, 11, 76, 77, 12, 39, 75, 86, 13, 10, 61, 9, 78, 88, 38]
46645
[74, 14, 73, 70, 2, 91, 89, 55, 4, 54, 3, 81, 7, 99, 5, 6, 50, 32, 56, 94, 43, 34]
45958
EXPERIEMNT 42 (8_2)
300.00054130000353 (seconds)
[42, 29, 20, 63, 58, 19, 45, 57, 80, 36, 35, 33, 37, 100, 83, 24, 21, 69, 72, 16]
45225
[26, 85, 79, 95, 8, 96, 40, 60, 90, 55, 4, 54, 3, 81, 7, 99, 5, 6, 50, 87, 31, 22, 68]
45505
[15, 65, 17, 41, 71, 67, 52, 30, 27, 92, 23, 73, 70, 94, 64, 93, 97, 18, 1, 49, 84, 47, 46, 48, 25, 62, 59, 51, 98, 82]      
45423
[34, 43, 56, 32, 89, 91, 2, 66, 53, 10, 28, 44, 11, 76, 77, 12, 39, 75, 86, 13, 61, 9, 78, 88, 38, 14, 74]
45473
EXPERIEMNT 43 (8_3)
300.00051160000294 (seconds)
[82, 98, 25, 48, 46, 47, 62, 59, 51, 20, 69, 21, 31, 87, 30, 1, 18, 97, 64, 93, 92, 27, 52, 71, 41, 17, 14, 74]
44595
[42, 29, 63, 24, 58, 19, 45, 57, 80, 36, 35, 33, 37, 100, 83, 49, 84, 22, 68, 72, 16]
46090
[26, 85, 79, 95, 8, 96, 40, 90, 60, 66, 53, 10, 28, 44, 11, 76, 77, 12, 39, 75, 86, 13, 61, 9, 78, 88, 38]
46221
[34, 43, 73, 70, 2, 91, 89, 55, 4, 54, 3, 81, 7, 99, 5, 6, 50, 32, 56, 94, 23, 67, 65, 15]
45972
EXPERIEMNT 44 (8_4)
300.0006912999961 (seconds)
[15, 51, 20, 59, 62, 63, 24, 47, 46, 48, 58, 83, 33, 35, 36, 80, 19, 45, 57, 25, 98, 82]
43677
[65, 17, 41, 71, 68, 22, 30, 1, 18, 97, 64, 94, 56, 89, 99, 5, 6, 50, 37, 100, 49, 84, 87, 31, 21, 69, 29, 42, 72, 16]       
44103
[27, 23, 92, 93, 32, 7, 81, 3, 54, 4, 55, 90, 60, 96, 8, 95, 79, 14, 74, 26]
44078
[34, 67, 52, 43, 73, 70, 2, 91, 40, 66, 53, 10, 28, 44, 11, 76, 77, 12, 39, 75, 86, 13, 61, 9, 78, 85, 88, 38]
44103
EXPERIEMNT 45 (8_5)
300.00034980000055 (seconds)
[82, 98, 25, 48, 46, 47, 63, 62, 59, 51, 20, 69, 21, 30, 1, 18, 97, 64, 93, 92, 27, 52, 71, 41, 17, 15]
42043
[42, 29, 24, 58, 19, 45, 57, 80, 36, 35, 33, 37, 100, 83, 49, 84, 87, 31, 22, 68, 72, 16]
46202
[26, 14, 85, 79, 95, 8, 96, 40, 90, 60, 66, 53, 10, 28, 44, 11, 76, 77, 12, 39, 75, 86, 13, 61, 9, 78, 88, 38]
46249
[74, 34, 43, 73, 70, 2, 91, 89, 55, 4, 54, 3, 81, 7, 99, 5, 6, 50, 32, 56, 94, 23, 67, 65]
46241
EXPERIEMNT 46 (9_1)
9.056122299996787 (seconds)
[34, 95, 8, 40, 60, 90, 55, 4, 54, 89, 91, 2, 56, 97, 18, 1, 30, 22, 68, 21, 69, 20, 29, 42, 72, 16]
46436
[15, 31, 87, 84, 49, 83, 100, 37, 33, 35, 36, 80, 57, 45, 19, 58, 24, 63, 62, 59, 51]
46530
[32, 99, 3, 81, 7, 5, 6, 50, 47, 46, 48, 25, 98, 82]
46542
[65, 17, 41, 71, 67, 52, 27, 23, 92, 93, 64, 94, 43, 73, 70, 96, 66, 53, 10, 28, 44, 11, 76, 77, 12, 39, 75, 86, 13, 61, 9, 79, 78, 85, 88, 38, 14, 74, 26]
46408
EXPERIEMNT 47 (9_2)
300.0004104999971 (seconds)
[15, 41, 71, 67, 52, 43, 73, 70, 95, 8, 66, 53, 10, 28, 44, 11, 76, 77, 12, 39, 75, 86, 13, 61, 9, 79, 78, 85, 88, 38, 14, 74, 26]
43599
[82, 98, 25, 57, 45, 19, 80, 36, 35, 33, 58, 48, 46, 47, 24, 63, 62, 21, 69, 20, 59, 51]
44035
[65, 27, 23, 92, 93, 64, 94, 56, 2, 91, 89, 32, 50, 37, 100, 83, 49, 84, 87, 31, 22, 68, 29, 42, 72, 16]
44034
[34, 96, 40, 60, 90, 55, 4, 54, 3, 81, 7, 99, 5, 6, 97, 18, 1, 30, 17]
44014
EXPERIEMNT 48 (9_3)
299.99933279999823 (seconds)
[34, 95, 8, 40, 60, 90, 55, 4, 54, 89, 91, 2, 56, 97, 18, 1, 30, 22, 68, 21, 69, 20, 29, 42, 72, 16]
46436
[15, 31, 87, 84, 49, 83, 100, 37, 33, 35, 36, 80, 57, 45, 19, 58, 24, 63, 62, 59, 51]
46530
[32, 99, 3, 81, 7, 5, 6, 50, 47, 46, 48, 25, 98, 82]
46542
[65, 17, 41, 71, 67, 52, 27, 23, 92, 93, 64, 94, 43, 73, 70, 96, 66, 53, 10, 28, 44, 11, 76, 77, 12, 39, 75, 86, 13, 61, 9, 79, 78, 85, 88, 38, 14, 74, 26]
46408
EXPERIEMNT 49 (9_4)
300.00077769999916 (seconds)
[15, 17, 41, 71, 67, 52, 27, 23, 92, 93, 64, 94, 56, 32, 89, 5, 6, 50, 37, 100, 83, 49, 84, 87, 31, 22, 68, 21, 69, 72, 16]
43736
[79, 95, 8, 96, 60, 90, 55, 4, 54, 3, 81, 7, 99, 97, 18, 1, 30, 65]
44025
[34, 43, 73, 70, 2, 91, 40, 66, 53, 10, 28, 44, 11, 76, 77, 12, 39, 75, 86, 13, 61, 9, 78, 85, 88, 38, 14, 74, 26]
43524
[51, 42, 29, 20, 59, 62, 63, 24, 47, 46, 48, 58, 33, 35, 36, 80, 19, 45, 57, 25, 98, 82]
42681
EXPERIEMNT 50 (9_5)
300.00095870000223 (seconds)
[34, 95, 8, 40, 60, 90, 55, 4, 54, 89, 91, 2, 56, 97, 18, 1, 30, 22, 68, 21, 69, 20, 29, 42, 72, 16]
46436
[15, 31, 87, 84, 49, 83, 100, 37, 33, 35, 36, 80, 57, 45, 19, 58, 24, 63, 62, 59, 51]
46530
[32, 99, 3, 81, 7, 5, 6, 50, 47, 46, 48, 25, 98, 82]
46542
[65, 17, 41, 71, 67, 52, 27, 23, 92, 93, 64, 94, 43, 73, 70, 96, 66, 53, 10, 28, 44, 11, 76, 77, 12, 39, 75, 86, 13, 61, 9, 79, 78, 85, 88, 38, 14, 74, 26]
46408
EXPERIEMNT 51 (1_1)
7.233609200004139 (seconds)
[16, 69, 21, 31, 49, 83, 100, 37, 33, 35, 36, 80, 19, 45, 57, 25]
46081
[34, 43, 73, 70, 40, 60, 90, 55, 4, 54, 3, 81, 7, 99, 5, 6, 50, 30, 22, 68, 71, 41, 15]
45639
[26, 74, 14, 85, 79, 95, 96, 8, 66, 53, 10, 28, 44, 11, 76, 77, 12, 39, 75, 86, 13, 61, 9, 78, 88, 38]
41212
[82, 98, 51, 42, 72, 29, 20, 59, 62, 63, 24, 47, 46, 48, 58, 84, 87, 1, 18, 97, 32, 89, 91, 2, 56, 94, 64, 93, 92, 23, 27, 52, 67, 17, 65]
45379
EXPERIEMNT 52 (1_2)
300.000454800007 (seconds)
[65, 17, 67, 52, 27, 23, 92, 94, 64, 93, 97, 56, 32, 89, 54, 4, 55, 90, 60, 96, 8, 95, 79, 34]
43928
[16, 72, 68, 22, 30, 1, 18, 50, 6, 5, 99, 3, 81, 7, 37, 100, 83, 49, 84, 87, 31, 21, 69, 20, 29, 42, 15]
43660
[51, 59, 62, 63, 24, 58, 33, 35, 36, 80, 19, 45, 57, 25, 48, 46, 47, 98, 82]
43102
[41, 71, 43, 73, 70, 2, 91, 40, 66, 53, 10, 28, 44, 11, 76, 77, 12, 39, 75, 86, 13, 61, 9, 78, 85, 88, 38, 14, 74, 26]       
43924
EXPERIEMNT 53 (1_3)
300.0003590999986 (seconds)
[16, 69, 21, 24, 83, 100, 37, 33, 35, 36, 80, 19, 45, 57, 25]
44942
[26, 74, 14, 95, 8, 40, 60, 90, 55, 4, 54, 3, 81, 7, 99, 5, 6, 50, 87, 31, 22, 68, 72, 15]
44795
[34, 43, 73, 70, 96, 66, 53, 10, 28, 44, 11, 76, 77, 12, 39, 75, 86, 13, 61, 9, 79, 78, 85, 88, 38]
42303
42303
[82, 98, 51, 42, 29, 20, 59, 62, 63, 47, 46, 48, 58, 49, 84, 1, 18, 97, 32, 89, 91, 2, 56, 94, 64, 93, 92, 23, 27, 30, 52, 67, 71, 41, 17, 65]
42303
42303
42303
[82, 98, 51, 42, 29, 20, 59, 62, 63, 47, 46, 48, 58, 49, 84, 1, 18, 97, 32, 89, 91, 2, 56, 94, 64, 93, 92, 23, 27, 30, 52, 67, 71, 41, 17, 65]
42303
[82, 98, 51, 42, 29, 20, 59, 62, 63, 47, 46, 48, 58, 49, 84, 1, 18, 97, 32, 89, 91, 2, 56, 94, 64, 93, 92, 23, 27, 30, 52, 67, 71, 41, 17, 65]
44908
42303
[82, 98, 51, 42, 29, 20, 59, 62, 63, 47, 46, 48, 58, 49, 84, 1, 18, 97, 32, 89, 91, 2, 56, 94, 64, 93, 92, 23, 27, 30, 52, 67, 71, 41, 17, 65]
42303
[82, 98, 51, 42, 29, 20, 59, 62, 63, 47, 46, 48, 58, 49, 84, 1, 18, 97, 32, 89, 91, 2, 56, 94, 64, 93, 92, 23, 27, 30, 52, 67, 71, 41, 17, 65]
42303
[82, 98, 51, 42, 29, 20, 59, 62, 63, 47, 46, 48, 58, 49, 84, 1, 18, 97, 32, 89, 91, 2, 56, 94, 64, 93, 92, 23, 27, 30, 52, 67, 71, 41, 17, 65]
42303
[82, 98, 51, 42, 29, 20, 59, 62, 63, 47, 46, 48, 58, 49, 84, 1, 18, 97, 32, 89, 91, 2, 56, 94, 64, 93, 92, 23, 27, 30, 52, 67, 71, 41, 17, 65]
44908
42303
[82, 98, 51, 42, 29, 20, 59, 62, 63, 47, 46, 48, 58, 49, 84, 1, 18, 97, 32, 89, 91, 2, 56, 94, 64, 93, 92, 23, 27, 30, 52, 67, 71, 41, 17, 65]
42303
42303
42303
42303
42303
[82, 98, 51, 42, 29, 20, 59, 62, 63, 47, 46, 48, 58, 49, 84, 1, 18, 97, 32, 89, 91, 2, 56, 94, 64, 93, 92, 23, 27, 30, 52, 67, 71, 41, 17, 65]
42303
[82, 98, 51, 42, 29, 20, 59, 62, 63, 47, 46, 48, 58, 49, 84, 1, 18, 97, 32, 89, 91, 2, 56, 94, 64, 93, 92, 23, 27, 30, 52, 67, 71, 41, 17, 65]
42303
42303
42303
42303
[82, 98, 51, 42, 29, 20, 59, 62, 63, 47, 46, 48, 58, 49, 84, 1, 18, 97, 32, 89, 91, 2, 56, 94, 64, 93, 92, 23, 27, 30, 52, 67, 71, 41, 17, 65]
44908
EXPERIEMNT 54 (1_4)
42303
[82, 98, 51, 42, 29, 20, 59, 62, 63, 47, 46, 48, 58, 49, 84, 1, 18, 97, 32, 89, 91, 2, 56, 94, 64, 93, 92, 23, 27, 30, 52, 67, 71, 41, 17, 65]
44908
42303
[82, 98, 51, 42, 29, 20, 59, 62, 63, 47, 46, 48, 58, 49, 84, 1, 18, 97, 32, 89, 91, 2, 56, 94, 64, 93, 92, 23, 27, 30, 52, 67, 71, 41, 17, 65]
42303
42303
42303
[82, 98, 51, 42, 29, 20, 59, 62, 63, 47, 46, 48, 58, 49, 84, 1, 18, 97, 32, 89, 91, 2, 56, 94, 64, 93, 92, 23, 27, 30, 52, 67, 71, 41, 17, 65]
42303
[82, 98, 51, 42, 29, 20, 59, 62, 63, 47, 46, 48, 58, 49, 84, 1, 18, 97, 32, 89, 91, 2, 56, 94, 64, 93, 92, 23, 27, 30, 52, 67, 71, 41, 17, 65]
[82, 98, 51, 42, 29, 20, 59, 62, 63, 47, 46, 48, 58, 49, 84, 1, 18, 97, 32, 89, 91, 2, 56, 94, 64, 93, 92, 23, 27, 30, 52, 67, 71, 41, 17, 65]
44908
EXPERIEMNT 54 (1_4)
44908
EXPERIEMNT 54 (1_4)
EXPERIEMNT 54 (1_4)
300.0003649999999 (seconds)
[41, 71, 67, 70, 95, 96, 8, 66, 53, 10, 28, 44, 11, 76, 77, 12, 39, 75, 86, 13, 61, 9, 79, 78, 85, 88, 38, 14, 74, 26]
[41, 71, 67, 70, 95, 96, 8, 66, 53, 10, 28, 44, 11, 76, 77, 12, 39, 75, 86, 13, 61, 9, 79, 78, 85, 88, 38, 14, 74, 26]
43620
[15, 16, 42, 20, 59, 62, 63, 24, 47, 46, 48, 58, 83, 33, 35, 36, 80, 19, 45, 57, 25, 98, 82]
43471
[72, 68, 22, 30, 1, 18, 97, 50, 6, 5, 99, 3, 81, 7, 37, 100, 49, 84, 87, 31, 21, 69, 29, 51]
43642
[34, 43, 73, 2, 91, 40, 60, 90, 55, 4, 54, 89, 32, 56, 94, 64, 93, 92, 23, 27, 52, 17, 65]
43646
EXPERIEMNT 55 (1_5)
300.0002885000067 (seconds)
[16, 69, 21, 31, 49, 83, 100, 37, 33, 35, 36, 80, 19, 45, 57, 25]
46081
[34, 43, 73, 70, 40, 60, 90, 55, 4, 54, 3, 81, 7, 99, 5, 6, 50, 30, 22, 68, 71, 41, 15]
45639
[26, 74, 14, 85, 79, 95, 96, 8, 66, 53, 10, 28, 44, 11, 76, 77, 12, 39, 75, 86, 13, 61, 9, 78, 88, 38]
41212
[82, 98, 51, 42, 72, 29, 20, 59, 62, 63, 24, 47, 46, 48, 58, 84, 87, 1, 18, 97, 32, 89, 91, 2, 56, 94, 64, 93, 92, 23, 27, 52, 67, 17, 65]
45379
EXPERIEMNT 56 (2_1)
7.270883900004264 (seconds)
[71, 31, 87, 84, 49, 83, 100, 37, 33, 35, 36, 80, 57, 45, 19, 58, 62, 59, 51]
45989
[34, 73, 70, 2, 89, 91, 40, 28, 44, 11, 76, 77, 12, 39, 75, 86, 13, 10, 8, 96, 95, 79, 85, 14, 74, 26]
45987
[38, 88, 78, 9, 61, 53, 66, 60, 90, 55, 4, 54, 3, 81, 7, 99, 5, 6, 50, 18, 1, 30, 52, 67, 41, 17, 65, 15]
45938
[16, 72, 42, 29, 20, 68, 22, 43, 94, 56, 32, 97, 64, 93, 92, 23, 27, 21, 69, 63, 24, 47, 46, 48, 25, 98, 82]
44585
EXPERIEMNT 57 (2_2)
300.00013330000365 (seconds)
[82, 98, 25, 57, 45, 19, 80, 36, 35, 33, 58, 48, 46, 47, 24, 63, 62, 59, 51]
41805
[74, 14, 95, 8, 96, 60, 90, 55, 4, 54, 7, 81, 3, 89, 56, 94, 23, 27, 52, 67, 65]
44145
[16, 72, 42, 29, 20, 69, 21, 31, 87, 84, 49, 83, 100, 37, 50, 6, 5, 99, 32, 97, 64, 93, 18, 1, 92, 30, 22, 68, 71, 41, 17, 15]
43972
[34, 43, 73, 70, 2, 91, 40, 66, 53, 10, 28, 44, 11, 76, 77, 12, 39, 75, 86, 13, 61, 9, 79, 78, 85, 88, 38, 26]
44168
EXPERIEMNT 58 (2_3)
300.0001373999985 (seconds)
[51, 59, 62, 58, 19, 45, 57, 80, 36, 35, 33, 37, 100, 83, 49, 84, 31, 71, 41, 17, 15]
45981
[34, 73, 70, 2, 89, 91, 40, 28, 44, 11, 76, 77, 12, 39, 75, 86, 13, 10, 8, 96, 95, 79, 85, 14, 74, 26]
45987
[38, 88, 78, 9, 61, 53, 66, 60, 90, 55, 4, 54, 3, 81, 7, 99, 5, 6, 50, 18, 1, 92, 23, 27, 52, 67, 65]
45987
[16, 72, 42, 29, 20, 69, 21, 68, 22, 43, 94, 56, 32, 97, 64, 93, 30, 87, 24, 63, 47, 46, 48, 25, 98, 82]
44280
EXPERIEMNT 59 (2_4)
299.9993011999977 (seconds)
[34, 43, 73, 70, 2, 91, 40, 66, 53, 10, 28, 44, 11, 76, 77, 12, 39, 75, 86, 13, 61, 9, 78, 85, 88, 38, 14, 74, 26]
43524
[16, 72, 22, 68, 21, 69, 63, 24, 31, 87, 84, 49, 83, 33, 35, 36, 80, 19, 45, 57, 25, 98, 82]
43538
[15, 65, 17, 67, 52, 27, 23, 92, 93, 64, 94, 56, 32, 89, 5, 6, 50, 37, 100, 58, 48, 46, 47, 62, 59, 20, 29, 42, 51]
44106
[41, 71, 30, 1, 18, 97, 99, 7, 81, 3, 54, 4, 55, 90, 60, 96, 8, 95, 79]
44115
EXPERIEMNT 60 (2_5)
300.000626699999 (seconds)
[71, 31, 87, 84, 49, 83, 100, 37, 33, 35, 36, 80, 57, 45, 19, 58, 62, 59, 51]
45989
[34, 73, 70, 2, 89, 91, 40, 28, 44, 11, 76, 77, 12, 39, 75, 86, 13, 10, 8, 96, 95, 79, 85, 14, 74, 26]
45987
[38, 88, 78, 9, 61, 53, 66, 60, 90, 55, 4, 54, 3, 81, 7, 99, 5, 6, 50, 18, 1, 30, 52, 67, 41, 17, 65, 15]
45938
[16, 72, 42, 29, 20, 68, 22, 43, 94, 56, 32, 97, 64, 93, 92, 23, 27, 21, 69, 63, 24, 47, 46, 48, 25, 98, 82]
44585
EXPERIEMNT 61 (12_1)
300.0006461000012 (seconds)
ERROR: no solution found!
EXPERIEMNT 62 (12_2)
300.0005786999973 (seconds)
ERROR: no solution found!
EXPERIEMNT 63 (12_3)
300.0003934999986 (seconds)
ERROR: no solution found!
EXPERIEMNT 64 (12_4)
300.00052400000277 (seconds)
ERROR: no solution found!
EXPERIEMNT 65 (12_5)
300.0000884999972 (seconds)
ERROR: no solution found!